38163425
33645091
2012875
25925236
2313921
40452051
14373087
33645264
40459612
33426782
33427126
40619856
40528062
39356695
38163082
20554019
3494623
38945793
36732464
4054346
40216470
36733431
3193382
40228135
41238982
40236209
2314062
37794186
40226397
5397574
40293230
40236209
40312499
36498179
2667843
23805798
26385701
20556745
26264185
37794935
23805829
20559175
25802373
2055906
20558862
20559092
20559117
20559146
23922297
23805516
20558891
20550369
20559181
20559198
20558848
20558902
20551357
20559135
20559206
20559100
20558833
13654507
19400558
26264191
23805522
2136382
20559270
34623131
23806289
23806272
23806421
23805864
23805858
23805901
25910602
24678669
20559057
23805769
23806220
36997153
20559287
41303197
40512754
35277442
432426
3346058
32360815
23801748
37795085
36321958
30107672
32605000
32320725
4356248
20558804
4356403
20558885
4356432
20559123
20552109
20552658
4356194
20558916